372 43
451 45
385 47
152 49
424 51
377 53
102 55
369 57
427 59
418 61
386 63
449 65
373 67
450 69
390 71
0 73
0 75
1 77
1 79
0 81
1 83
1 85
1 87
0 89
1 91
0 93
373 95
452 97
373 99
447 101
385 103
423 105
418 107
389 109
453 111
0 113
0 115
6 117
4 119
0 121
7 123
1 125
1 127
1 129
1 131
373 133
451 135
378 137
423 139
419 141
383 143
453 145
376 147
422 149
419 151
379 153
452 155
377 157
427 159
418 161
390 163
459 165
375 167
435 169
414 171
396 173
442 175
372 177
449 179
380 181
428 183
411 185
386 187
440 189
371 191
440 193
393 195
390 197
445 199
384 201
417 203
424 205
371 207
433 209
395 211
397 213
446 215
371 217
439 219
390 221
419 223
423 225
379 227
442 229
374 231
441 233
388 235
412 237
426 239
379 241
449 243
370 245
432 247
389 249
412 251
427 253
371 255
447 257
389 259
409 261
443 263
374 265
447 267
388 269
398 271
436 273
371 275
443 277
388 279
406 281
433 283
369 285
439 287
401 289
388 291
446 293
377 295
410 297
446 299
373 301
401 303
443 305
376 307
406 309
448 311
373 313
417 315
428 317
374 319
449 321
391 323
400 325
439 327
368 329
434 331
410 333
383 335
450 337
377 339
415 341
435 343
370 345
446 347
397 349
405 351
445 353
374 355
443 357
406 359
386 361
450 363
378 365
440 367
417 369
402 371
453 373
2 375
3 377
4 379
4 381
3 383
3 385
0 387
0 389
1 391
0 393
1 395
0 397
1 399
0 401
1 403
1 405
4 407
1 409
0 411
1 413
0 415
1 417
0 419
0 421
0 423
0 425
0 427
4 429
1 431
1 433
0 435
1 437
1 439
1 441
1 443
0 445
0 447
1 449
0 451
0 453
1 455
1 457
0 459
2 461
0 463
0 465
0 467
1 469
3 471
1 473
0 475
0 477
0 479
0 481
0 483
0 485
1 487
1 489
0 491
0 493
3 495
1 497
1 499
1 501
0 503
1 505
3 507
1 509
1 511
0 513
8 515
8 517
1 519
0 521
1 523
1 525
4 527
0 529
0 531
1 533
1 535
0 537
1 539
1 541
1 543
1 545
0 547
1 549
1 551
1 553
1 555
3 557
1 559
0 561
4 563
1 565
2 567
0 569
2 571
1 573
2 575
1 577
3 579
1 581
0 583
0 585
1 587
1 589
0 591
2 593
1 595
1 597
1 599
2 601
0 603
0 605
1 607
1 609
2 611
4 613
1 615
0 617
2 619
7 621
0 623
0 625
0 627
0 629
0 631
1 633
0 635
1 637
2 639
1 641
1 643
0 645
1 647
1 649
0 651
1 653
1 655
1 657
1 659
0 661
0 663
1 665
0 667
1 669
1 671
1 673
1 675
0 677
1 679
0 681
0 683
0 685
1 687
0 689
0 691
1 693
2 695
1 697
1 699
2 701
0 703
1 705
1 707
2 709
0 711
1 713
0 715
0 717
1 719
8 721
1 723
0 725
0 727
1 729
0 731
0 733
1 735
0 737
1 739
1 741
1 743
1 745
1 747
0 749
1 751
1 753
3 755
0 757
0 759
1 761
1 763
1 765
1 767
0 769
1 771
4 773
1 775
1 777
0 779
0 781
1 783
1 785
1 787
0 789
1 791
0 793
1 795
0 797
2 799
3 801
0 803
1 805
2 807
0 809
0 811
1 813
1 815
1 817
0 819
2 821
1 823
1 825
0 827
1 829
1 831
1 833
1 835
0 837
2 839
1 841
1 843
1 845
0 847
0 849
0 851
0 853
0 855
3 857
1 859
0 861
5 863
1 865
0 867
2 869
1 871
2 873
2 875
1 877
0 879
2 881
1 883
3 885
0 887
2 889
0 891
0 893
1 895
0 897
1 899
2 901
1 903
0 905
1 907
0 909
0 911
0 913
0 915
0 917
1 919
0 921
0 923
0 925
0 927
1 929
1 931
1 933
0 935
0 937
1 939
1 941
1 943
1 945
0 947
0 949
1 951
0 953
0 955
0 957
1 959
0 961
1 963
5 965
1 967
0 969
1 971
1 973
1 975
0 977
0 979
1 981
0 983
2 985
0 987
0 989
1 991
0 993
0 995
0 997
0 999
1 1001
1 1003
4 1005
0 1007
1 1009
3 1011
1 1013
0 1015
1 1017
0 1019
0 1021
1 1023
4 1025
1 1027
1 1029
2 1031
2 1033
1 1035
2 1037
1 1039
0 1041
0 1043
0 1045
0 1047
1 1049
0 1051
0 1053
1 1055
1 1057
1 1059
1 1061
1 1063
0 1065
0 1067
0 1069
0 1071
0 1073
1 1075
0 1077
1 1079
0 1081
2 1083
0 1085
3 1087
0 1089
4 1091
0 1093
0 1095
0 1097
0 1099
1 1101
4 1103
0 1105
0 1107
0 1109
1 1111
0 1113
1 1115
2 1117
5 1119
0 1121
1 1123
0 1125
0 1127
3 1129
1 1131
1 1133
1 1135
0 1137
0 1139
1 1141
1 1143
0 1145
1 1147
1 1149
1 1151
1 1153
3 1155
0 1157
3 1159
4 1161
1 1163
0 1165
1 1167
0 1169
2 1171
1 1173
0 1175
0 1177
1 1179
1 1181
1 1183
1 1185
1 1187
1 1189
0 1191
1 1193
0 1195
0 1197
1 1199
0 1201
0 1203
1 1205
1 1207
0 1209
0 1211
1 1213
1 1215
0 1217
2 1219
5 1221
0 1223
1 1225
1 1227
0 1229
0 1231
1 1233
1 1235
0 1237
1 1239
1 1241
0 1243
0 1245
0 1247
1 1249
6 1251
1 1253
1 1255
1 1257
4 1259
1 1261
1 1263
1 1265
0 1267
1 1269
1 1271
5 1273
1 1275
1 1277
1 1279
1 1281
0 1283
1 1285
0 1287
1 1289
0 1291
0 1293
2 1295
1 1297
1 1299
0 1301
2 1303
1 1305
0 1307
1 1309
0 1311
0 1313
0 1315
1 1317
0 1319
0 1321
1 1323
0 1325
1 1327
0 1329
0 1331
5 1333
1 1335
0 1337
3 1339
1 1341
0 1343
0 1345
1 1347
1 1349
1 1351
2 1353
0 1355
5 1357
3 1359
0 1361
0 1363
0 1365
1 1367
0 1369
0 1371
0 1373
1 1375
1 1377
1 1379
1 1381
0 1383
2 1385
1 1387
0 1389
0 1391
1 1393
0 1395
1 1397
5 1399
5 1401
0 1403
2 1405
1 1407
1 1409
1 1411
1 1413
1 1415
1 1417
0 1419
0 1421
1 1423
1 1425
0 1427
1 1429
0 1431
3 1433
1 1435
2 1437
1 1439
1 1441
0 1443
3 1445
1 1447
0 1449
1 1451
0 1453
1 1455
1 1457
0 1459
0 1461
0 1463
0 1465
1 1467
3 1469
1 1471
0 1473
0 1475
1 1477
1 1479
0 1481
2 1483
0 1485
0 1487
2 1489
3 1491
0 1493
1 1495
6 1497
0 1499
0 1501
0 1503
0 1505
0 1507
1 1509
4 1511
0 1513
1 1515
1 1517
1 1519
1 1521
0 1523
2 1525
1 1527
0 1529
1 1531
0 1533
1 1535
1 1537
1 1539
0 1541
0 1543
1 1545
1 1547
1 1549
3 1551
0 1553
1 1555
0 1557
1 1559
1 1561
1 1563
0 1565
1 1567
1 1569
2 1571
0 1573
0 1575
1 1577
1 1579
1 1581
0 1583
0 1585
4 1587
0 1589
3 1591
0 1593
1 1595
0 1597
0 1599
1 1601
3 1603
1 1605
2 1607
1 1609
1 1611
0 1613
1 1615
0 1617
2 1619
0 1621
0 1623
1 1625
1 1627
0 1629
0 1631
1 1633
4 1635
0 1637
1 1639
1 1641
1 1643
0 1645
2 1647
0 1649
0 1651
3 1653
1 1655
0 1657
3 1659
0 1661
2 1663
2 1665
0 1667
0 1669
1 1671
1 1673
2 1675
1 1677
1 1679
1 1681
1 1683
0 1685
3 1687
1 1689
0 1691
0 1693
0 1695
0 1697
1 1699
1 1701
1 1703
1 1705
1 1707
1 1709
0 1711
0 1713
0 1715
1 1717
0 1719
0 1721
1 1723
0 1725
1 1727
0 1729
1 1731
1 1733
1 1735
0 1737
0 1739
1 1741
1 1743
1 1745
0 1747
1 1749
1 1751
0 1753
1 1755
5 1757
0 1759
1 1761
1 1763
1 1765
1 1767
3 1769
0 1771
2 1773
0 1775
1 1777
1 1779
6 1781
0 1783
1 1785
3 1787
3 1789
2 1791
1 1793
1 1795
0 1797
1 1799
1 1801
1 1803
0 1805
1 1807
0 1809
0 1811
0 1813
1 1815
1 1817
1 1819
0 1821
1 1823
1 1825
0 1827
0 1829
4 1831
0 1833
6 1835
0 1837
0 1839
1 1841
1 1843
1 1845
1 1847
2 1849
0 1851
3 1853
0 1855
0 1857
1 1859
2 1861
0 1863
1 1865
0 1867
1 1869
0 1871
0 1873
0 1875
1 1877
1 1879
1 1881
3 1883
1 1885
1 1887
0 1889
1 1891
1 1893
0 1895
0 1897
0 1899
1 1901
1 1903
1 1905
1 1907
1 1909
0 1911
1 1913
0 1915
1 1917
1 1919
0 1921
1 1923
2 1925
0 1927
1 1929
1 1931
0 1933
0 1935
0 1937
1 1939
0 1941
0 1943
0 1945
1 1947
2 1949
0 1951
0 1953
4 1955
0 1957
1 1959
0 1961
0 1963
0 1965
1 1967
0 1969
2 1971
1 1973
1 1975
0 1977
5 1979
5 1981
1 1983
1 1985
1 1987
1 1989
3 1991
0 1993
3 1995
0 1997
1 1999
1 2001
2 2003
1 2005
0 2007
3 2009
0 2011
2 2013
1 2015
0 2017
2 2019
1 2021
1 2023
1 2025
1 2027
1 2029
1 2031
1 2033
2 2035
0 2037
0 2039
1 2041
1 2043
1 2045
3 2047
4 2049
0 2051
0 2053
1 2055
1 2057
0 2059
1 2061
0 2063
0 2065
1 2067
1 2069
0 2071
2 2073
0 2075
0 2077
0 2079
2 2081
0 2083
1 2085
0 2087
0 2089
1 2091
1 2093
1 2095
1 2097
1 2099
2 2101
1 2103
0 2105
4 2107
1 2109
3 2111
2 2113
1 2115
0 2117
1 2119
0 2121
0 2123
3 2125
0 2127
1 2129
0 2131
0 2133
1 2135
1 2137
1 2139
0 2141
0 2143
0 2145
0 2147
0 2149
3 2151
1 2153
0 2155
0 2157
0 2159
1 2161
0 2163
0 2165
1 2167
0 2169
0 2171
2 2173
0 2175
0 2177
1 2179
1 2181
1 2183
3 2185
1 2187
1 2189
1 2191
0 2193
0 2195
1 2197
3 2199
1 2201
2 2203
1 2205
2 2207
1 2209
0 2211
1 2213
0 2215
1 2217
0 2219
1 2221
1 2223
0 2225
1 2227
1 2229
2 2231
1 2233
4 2235
5 2237
0 2239
0 2241
3 2243
0 2245
0 2247
1 2249
8 2251
378 2253
410 2255
349 2257
363 2259
417 2261
370 2263
347 2265
409 2267
379 2269
343 2271
408 2273
386 2275
348 2277
410 2279
383 2281
352 2283
416 2285
371 2287
356 2289
420 2291
363 2293
367 2295
419 2297
350 2299
395 2301
401 2303
348 2305
422 2307
362 2309
383 2311
398 2313
352 2315
423 2317
357 2319
393 2321
399 2323
354 2325
422 2327
363 2329
380 2331
416 2333
349 2335
403 2337
399 2339
349 2341
416 2343
384 2345
355 2347
416 2349
375 2351
361 2353
424 2355
361 2357
368 2359
421 2361
361 2363
371 2365
422 2367
370 2369
361 2371
424 2373
379 2375
356 2377
416 2379
390 2381
355 2383
422 2385
376 2387
372 2389
429 2391
354 2393
397 2395
410 2397
348 2399
421 2401
383 2403
368 2405
429 2407
372 2409
369 2411
430 2413
378 2415
360 2417
426 2419
380 2421
366 2423
430 2425
373 2427
370 2429
430 2431
372 2433
375 2435
426 2437
374 2439
366 2441
427 2443
390 2445
357 2447
408 2449
425 2451
367 2453
369 2455
427 2457
402 2459
352 2461
400 2463
427 2465
373 2467
363 2469
422 2471
413 2473
356 2475
387 2477
431 2479
380 2481
358 2483
416 2485
419 2487
358 2489
385 2491
431 2493
385 2495
350 2497
395 2499
426 2501
379 2503
351 2505
400 2507
425 2509
379 2511
354 2513
393 2515
430 2517
387 2519
353 2521
388 2523
431 2525
395 2527
355 2529
380 2531
428 2533
402 2535
357 2537
386 2539
428 2541
410 2543
360 2545
377 2547
428 2549
408 2551
359 2553
379 2555
426 2557
405 2559
355 2561
381 2563
430 2565
391 2567
354 2569
399 2571
429 2573
379 2575
362 2577
411 2579
422 2581
365 2583
365 2585
423 2587
415 2589
360 2591
375 2593
431 2595
389 2597
354 2599
405 2601
427 2603
374 2605
361 2607
423 2609
416 2611
359 2613
379 2615
428 2617
409 2619
361 2621
378 2623
429 2625
403 2627
357 2629
395 2631
429 2633
372 2635
364 2637
430 2639
404 2641
357 2643
393 2645
432 2647
379 2649
363 2651
423 2653
405 2655
358 2657
399 2659
428 2661
367 2663
374 2665
433 2667
380 2669
366 2671
428 2673
401 2675
356 2677
412 2679
415 2681
357 2683
404 2685
420 2687
364 2689
379 2691
431 2693
388 2695
362 2697
420 2699
414 2701
357 2703
400 2705
429 2707
363 2709
378 2711
436 2713
393 2715
358 2717
406 2719
426 2721
365 2723
381 2725
436 2727
375 2729
375 2731
435 2733
371 2735
384 2737
426 2739
358 2741
420 2743
394 2745
363 2747
431 2749
384 2751
375 2753
431 2755
367 2757
393 2759
425 2761
355 2763
394 2765
429 2767
366 2769
378 2771
434 2773
390 2775
356 2777
406 2779
428 2781
376 2783
365 2785
421 2787
426 2789
376 2791
359 2793
393 2795
430 2797
421 2799
379 2801
353 2803
376 2805
412 2807
432 2809
423 2811
378 2813
357 2815
375 2817
420 2819
435 2821
401 2823
364 2825
366 2827
407 2829
433 2831
412 2833
373 2835
359 2837
371 2839
401 2841
431 2843
425 2845
404 2847
371 2849
357 2851
366 2853
396 2855
428 2857
428 2859
387 2861
356 2863
368 2865
404 2867
433 2869
420 2871
381 2873
357 2875
370 2877
405 2879
432 2881
423 2883
382 2885
360 2887
372 2889
410 2891
435 2893
411 2895
379 2897
358 2899
371 2901
401 2903
430 2905
429 2907
403 2909
369 2911
358 2913
377 2915
412 2917
433 2919
423 2921
389 2923
362 2925
363 2927
398 2929
428 2931
430 2933
394 2935
361 2937
362 2939
402 2941
434 2943
418 2945
373 2947
360 2949
390 2951
430 2953
420 2955
377 2957
362 2959
387 2961
426 2963
427 2965
385 2967
359 2969
382 2971
427 2973
420 2975
371 2977
358 2979
393 2981
430 2983
425 2985
384 2987
358 2989
384 2991
428 2993
419 2995
371 2997
361 2999
401 3001
434 3003
399 3005
356 3007
376 3009
425 3011
426 3013
384 3015
356 3017
387 3019
432 3021
418 3023
365 3025
361 3027
400 3029
433 3031
412 3033
370 3035
357 3037
391 3039
428 3041
426 3043
385 3045
356 3047
378 3049
419 3051
430 3053
396 3055
361 3057
367 3059
403 3061
434 3063
407 3065
366 3067
361 3069
389 3071
419 3073
435 3075
412 3077
371 3079
362 3081
392 3083
428 3085
429 3087
392 3089
361 3091
376 3093
415 3095
436 3097
399 3099
362 3101
367 3103
410 3105
435 3107
409 3109
365 3111
360 3113
401 3115
433 3117
424 3119
381 3121
355 3123
376 3125
415 3127
438 3129
418 3131
380 3133
359 3135
373 3137
403 3139
430 3141
428 3143
399 3145
368 3147
359 3149
385 3151
425 3153
433 3155
401 3157
368 3159
357 3161
375 3163
408 3165
433 3167
403 3169
364 3171
356 3173
386 3175
424 3177
423 3179
390 3181
353 3183
357 3185
396 3187
426 3189
416 3191
373 3193
353 3195
382 3197
422 3199
418 3201
378 3203
356 3205
365 3207
394 3209
425 3211
418 3213
389 3215
360 3217
356 3219
377 3221
410 3223
429 3225
424 3227
387 3229
358 3231
358 3233
389 3235
422 3237
423 3239
387 3241
357 3243
360 3245
387 3247
420 3249
421 3251
391 3253
358 3255
356 3257
390 3259
422 3261
422 3263
384 3265
354 3267
371 3269
414 3271
422 3273
384 3275
350 3277
381 3279
423 3281
419 3283
373 3285
356 3287
397 3289
428 3291
400 3293
354 3295
372 3297
417 3299
419 3301
376 3303
356 3305
393 3307
427 3309
401 3311
357 3313
379 3315
425 3317
406 3319
360 3321
371 3323
413 3325
421 3327
365 3329
363 3331
424 3333
411 3335
359 3337
374 3339
423 3341
413 3343
368 3345
365 3347
416 3349
421 3351
373 3353
356 3355
398 3357
428 3359
383 3361
354 3363
385 3365
429 3367
399 3369
354 3371
386 3373
426 3375
388 3377
351 3379
385 3381
428 3383
392 3385
353 3387
382 3389
433 3391
401 3393
353 3395
371 3397
416 3399
420 3401
370 3403
359 3405
399 3407
430 3409
405 3411
359 3413
360 3415
402 3417
431 3419
392 3421
353 3423
374 3425
419 3427
418 3429
362 3431
365 3433
412 3435
418 3437
363 3439
364 3441
412 3443
423 3445
372 3447
362 3449
406 3451
427 3453
377 3455
357 3457
401 3459
424 3461
379 3463
353 3465
400 3467
426 3469
381 3471
353 3473
401 3475
424 3477
371 3479
362 3481
419 3483
407 3485
356 3487
376 3489
425 3491
405 3493
357 3495
370 3497
417 3499
424 3501
386 3503
354 3505
379 3507
426 3509
417 3511
368 3513
359 3515
394 3517
433 3519
420 3521
372 3523
361 3525
402 3527
437 3529
399 3531
359 3533
394 3535
436 3537
405 3539
363 3541
381 3543
426 3545
427 3547
378 3549
363 3551
417 3553
432 3555
378 3557
364 3559
417 3561
428 3563
373 3565
366 3567
420 3569
433 3571
377 3573
362 3575
404 3577
438 3579
395 3581
360 3583
394 3585
432 3587
407 3589
360 3591
376 3593
427 3595
418 3597
365 3599
366 3601
410 3603
430 3605
387 3607
355 3609
376 3611
426 3613
415 3615
371 3617
358 3619
392 3621
430 3623
409 3625
360 3627
367 3629
414 3631
425 3633
381 3635
353 3637
381 3639
422 3641
425 3643
384 3645
355 3647
366 3649
403 3651
429 3653
393 3655
357 3657
376 3659
427 3661
425 3663
374 3665
365 3667
406 3669
432 3671
400 3673
357 3675
382 3677
426 3679
420 3681
368 3683
361 3685
405 3687
432 3689
397 3691
357 3693
369 3695
424 3697
425 3699
370 3701
366 3703
419 3705
421 3707
371 3709
367 3711
422 3713
416 3715
366 3717
370 3719
424 3721
422 3723
367 3725
369 3727
422 3729
424 3731
373 3733
362 3735
406 3737
434 3739
396 3741
360 3743
376 3745
420 3747
432 3749
392 3751
358 3753
382 3755
430 3757
422 3759
369 3761
371 3763
412 3765
434 3767
391 3769
357 3771
395 3773
434 3775
412 3777
367 3779
364 3781
406 3783
437 3785
401 3787
359 3789
380 3791
429 3793
428 3795
382 3797
358 3799
400 3801
434 3803
399 3805
363 3807
398 3809
443 3811
392 3813
364 3815
420 3817
419 3819
363 3821
398 3823
437 3825
382 3827
372 3829
429 3831
411 3833
360 3835
398 3837
439 3839
384 3841
366 3843
421 3845
421 3847
365 3849
386 3851
438 3853
402 3855
359 3857
396 3859
438 3861
398 3863
359 3865
396 3867
438 3869
394 3871
363 3873
413 3875
429 3877
370 3879
383 3881
435 3883
401 3885
361 3887
409 3889
431 3891
370 3893
371 3895
426 3897
422 3899
365 3901
380 3903
432 3905
408 3907
359 3909
389 3911
434 3913
394 3915
361 3917
414 3919
418 3921
360 3923
408 3925
426 3927
361 3929
397 3931
431 3933
370 3935
381 3937
438 3939
399 3941
360 3943
408 3945
432 3947
370 3949
382 3951
437 3953
391 3955
364 3957
420 3959
420 3961
362 3963
400 3965
428 3967
370 3969
381 3971
429 3973
391 3975
365 3977
434 3979
389 3981
372 3983
436 3985
378 3987
378 3989
436 3991
378 3993
376 3995
436 3997
396 3999
359 4001
407 4003
427 4005
367 4007
382 4009
436 4011
386 4013
361 4015
413 4017
430 4019
373 4021
376 4023
426 4025
409 4027
359 4029
396 4031
437 4033
384 4035
362 4037
421 4039
415 4041
361 4043
393 4045
435 4047
370 4049
379 4051
432 4053
379 4055
370 4057
432 4059
403 4061
359 4063
416 4065
414 4067
358 4069
412 4071
413 4073
356 4075
410 4077
419 4079
358 4081
412 4083
410 4085
359 4087
418 4089
418 4091
359 4093
413 4095
420 4097
358 4099
408 4101
423 4103
360 4105
394 4107
431 4109
366 4111
388 4113
434 4115
375 4117
377 4119
431 4121
396 4123
363 4125
428 4127
400 4129
362 4131
424 4133
406 4135
357 4137
420 4139
412 4141
358 4143
410 4145
419 4147
359 4149
404 4151
424 4153
359 4155
407 4157
420 4159
359 4161
411 4163
418 4165
358 4167
411 4169
417 4171
359 4173
407 4175
423 4177
359 4179
409 4181
412 4183
361 4185
432 4187
388 4189
369 4191
434 4193
390 4195
366 4197
435 4199
386 4201
377 4203
436 4205
373 4207
384 4209
437 4211
376 4213
376 4215
435 4217
395 4219
360 4221
412 4223
431 4225
372 4227
374 4229
431 4231
410 4233
359 4235
396 4237
437 4239
395 4241
364 4243
417 4245
423 4247
364 4249
383 4251
435 4253
394 4255
360 4257
415 4259
422 4261
361 4263
395 4265
435 4267
381 4269
366 4271
424 4273
418 4275
362 4277
389 4279
435 4281
390 4283
361 4285
413 4287
425 4289
366 4291
378 4293
431 4295
408 4297
360 4299
400 4301
435 4303
376 4305
370 4307
431 4309
414 4311
365 4313
393 4315
436 4317
381 4319
373 4321
436 4323
401 4325
362 4327
420 4329
415 4331
356 4333
401 4335
437 4337
384 4339
365 4341
426 4343
415 4345
358 4347
401 4349
435 4351
376 4353
372 4355
432 4357
402 4359
364 4361
433 4363
388 4365
376 4367
438 4369
366 4371
408 4373
413 4375
363 4377
437 4379
383 4381
