27 52
27 54
27 56
26 58
26 60
26 62
26 64
27 66
27 68
27 70
27 72
27 74
27 76
27 78
27 80
27 82
27 84
27 86
27 88
27 90
27 92
27 94
27 96
27 98
27 100
27 102
27 104
27 106
27 108
27 110
27 112
27 114
27 116
27 118
27 120
28 122
28 124
28 126
28 128
28 130
28 132
28 134
28 136
28 138
28 140
28 142
28 144
28 146
28 148
28 150
28 152
28 154
28 156
28 158
28 160
28 162
28 164
28 166
28 168
28 170
28 172
28 174
28 176
28 178
28 180
28 182
28 184
28 186
28 188
28 190
29 192
29 194
29 196
29 198
29 200
29 202
29 204
29 206
29 208
29 210
29 212
29 214
29 216
29 218
29 220
29 222
29 224
29 226
29 228
29 230
29 232
29 234
29 236
29 238
29 240
29 242
29 244
29 246
29 248
29 250
29 252
29 254
29 256
29 258
29 260
29 262
29 264
29 266
29 268
29 270
29 272
29 274
29 276
29 278
29 280
29 282
29 284
29 286
29 288
29 290
29 292
29 294
29 296
30 298
30 300
30 302
30 304
30 306
29 308
29 310
29 312
29 314
29 316
29 318
29 320
29 322
29 324
29 326
29 328
28 330
28 332
28 334
28 336
28 338
28 340
27 342
27 344
27 346
27 348
27 350
27 352
27 354
27 356
27 358
26 360
26 362
26 364
26 366
26 368
26 370
26 372
26 374
26 376
26 378
25 380
25 382
25 384
25 386
25 388
25 390
25 392
25 394
25 396
25 398
25 400
24 402
24 404
24 406
24 408
24 410
24 412
24 414
24 416
24 418
24 420
24 422
23 424
23 426
23 428
23 430
23 432
23 434
23 436
23 438
23 440
23 442
23 444
23 446
22 448
22 450
22 452
22 454
22 456
22 458
22 460
22 462
22 464
22 466
22 468
21 470
21 472
21 474
21 476
21 478
21 480
21 482
21 484
21 486
21 488
21 490
21 492
21 494
20 496
20 498
20 500
20 502
20 504
20 506
20 508
20 510
20 512
20 514
20 516
20 518
20 520
20 522
19 524
19 526
19 528
19 530
19 532
19 534
19 536
19 538
19 540
19 542
19 544
19 546
19 548
19 550
19 552
19 554
18 556
18 558
18 560
18 562
18 564
18 566
18 568
18 570
18 572
18 574
18 576
18 578
18 580
18 582
18 584
18 586
18 588
18 590
17 592
17 594
17 596
17 598
17 600
17 602
17 604
17 606
17 608
17 610
17 612
17 614
17 616
17 618
17 620
17 622
17 624
17 626
17 628
17 630
17 632
16 634
16 636
16 638
16 640
16 642
16 644
16 646
16 648
16 650
16 652
16 654
16 656
16 658
16 660
16 662
16 664
16 666
16 668
16 670
16 672
16 674
16 676
16 678
16 680
15 682
15 684
15 686
15 688
15 690
15 692
15 694
15 696
15 698
15 700
15 702
15 704
15 706
15 708
15 710
15 712
15 714
15 716
15 718
15 720
15 722
15 724
15 726
15 728
15 730
15 732
15 734
15 736
15 738
15 740
15 742
15 744
15 746
14 748
14 750
14 752
14 754
14 756
14 758
14 760
14 762
14 764
14 766
14 768
14 770
14 772
14 774
14 776
14 778
14 780
14 782
14 784
14 786
14 788
14 790
14 792
14 794
14 796
14 798
14 800
14 802
14 804
14 806
14 808
14 810
14 812
14 814
13 816
13 818
13 820
13 822
13 824
13 826
13 828
13 830
13 832
13 834
13 836
13 838
13 840
13 842
13 844
13 846
13 848
13 850
13 852
13 854
13 856
13 858
13 860
13 862
13 864
13 866
13 868
13 870
13 872
13 874
13 876
13 878
13 880
13 882
13 884
13 886
13 888
13 890
13 892
13 894
13 896
13 898
13 900
13 902
13 904
13 906
13 908
13 910
12 912
12 914
12 916
12 918
12 920
12 922
12 924
12 926
12 928
12 930
12 932
12 934
12 936
12 938
12 940
12 942
12 944
12 946
12 948
12 950
12 952
12 954
12 956
12 958
12 960
12 962
12 964
12 966
12 968
12 970
12 972
12 974
12 976
12 978
12 980
12 982
12 984
12 986
12 988
12 990
12 992
12 994
12 996
12 998
12 1000
12 1002
12 1004
12 1006
12 1008
12 1010
12 1012
12 1014
12 1016
12 1018
12 1020
12 1022
12 1024
12 1026
12 1028
12 1030
12 1032
12 1034
12 1036
13 1038
13 1040
14 1042
14 1044
15 1046
15 1048
15 1050
15 1052
16 1054
16 1056
16 1058
16 1060
16 1062
16 1064
16 1066
17 1068
17 1070
17 1072
17 1074
17 1076
17 1078
17 1080
18 1082
18 1084
18 1086
18 1088
18 1090
18 1092
18 1094
18 1096
18 1098
19 1100
19 1102
19 1104
19 1106
19 1108
19 1110
20 1112
20 1114
20 1116
20 1118
20 1120
20 1122
20 1124
21 1126
21 1128
21 1130
21 1132
21 1134
21 1136
21 1138
21 1140
21 1142
21 1144
21 1146
21 1148
21 1150
21 1152
21 1154
21 1156
22 1158
22 1160
22 1162
22 1164
22 1166
22 1168
22 1170
22 1172
22 1174
22 1176
22 1178
22 1180
22 1182
22 1184
22 1186
22 1188
22 1190
23 1192
23 1194
23 1196
23 1198
23 1200
23 1202
23 1204
23 1206
23 1208
23 1210
23 1212
23 1214
23 1216
23 1218
23 1220
23 1222
24 1224
24 1226
24 1228
24 1230
24 1232
24 1234
24 1236
24 1238
24 1240
24 1242
24 1244
24 1246
24 1248
24 1250
24 1252
24 1254
24 1256
24 1258
24 1260
24 1262
24 1264
24 1266
24 1268
25 1270
25 1272
25 1274
25 1276
25 1278
25 1280
25 1282
25 1284
25 1286
25 1288
25 1290
25 1292
25 1294
25 1296
25 1298
25 1300
25 1302
25 1304
25 1306
25 1308
25 1310
25 1312
25 1314
25 1316
25 1318
25 1320
25 1322
25 1324
26 1326
26 1328
26 1330
26 1332
26 1334
26 1336
26 1338
26 1340
26 1342
26 1344
26 1346
26 1348
26 1350
26 1352
26 1354
26 1356
26 1358
26 1360
26 1362
26 1364
26 1366
26 1368
26 1370
26 1372
26 1374
26 1376
26 1378
26 1380
26 1382
26 1384
26 1386
26 1388
26 1390
26 1392
27 1394
27 1396
27 1398
27 1400
27 1402
27 1404
27 1406
27 1408
27 1410
27 1412
27 1414
27 1416
27 1418
27 1420
27 1422
27 1424
27 1426
27 1428
27 1430
27 1432
27 1434
27 1436
27 1438
27 1440
27 1442
27 1444
27 1446
27 1448
27 1450
27 1452
27 1454
27 1456
27 1458
27 1460
27 1462
27 1464
27 1466
27 1468
27 1470
27 1472
27 1474
27 1476
27 1478
27 1480
27 1482
27 1484
27 1486
27 1488
27 1490
28 1492
28 1494
28 1496
28 1498
28 1500
28 1502
28 1504
28 1506
28 1508
28 1510
28 1512
28 1514
28 1516
28 1518
28 1520
28 1522
28 1524
28 1526
28 1528
28 1530
28 1532
28 1534
28 1536
28 1538
28 1540
28 1542
28 1544
28 1546
28 1548
28 1550
28 1552
28 1554
28 1556
28 1558
28 1560
